MarkerName Allele1 Allele2 Freq.Allele1.HapMapCEU b SE p POS CHR
NA T C 0.142 0.0018 0.0047 0.71 18193707 22
NA T C 0.975 0.013 0.012 0.26 18062891 22
NA T C 0.958 0.0042 0.0067 0.53 18304583 22
NA T C 0.508 -0.0095 0.0034 0.005 18286672 22
NA A G 0.775 0.0078 0.0036 0.03 18154878 22
NA A G 0.758 0.0084 0.0037 0.025 18038910 22
NA T C 0.767 -0.0022 0.0032 0.5 18427418 22
NA A G 0.25 3e-4 0.0034 0.93 18465677 22
NA T C 0.269 -0.0037 0.003 0.22 18089854 22
NA T C 0.808 -7e-4 0.0034 0.84 18422843 22
NA A G 0.8 0.0034 0.0034 0.32 18080154 22
NA A G 0.892 0.0062 0.0051 0.23 18102627 22
NA A G 0.4 0.0057 0.0031 0.068 18232368 22
NA A G 0.642 0.0057 0.003 0.062 18246375 22
NA A G 0.7 0.0039 0.0038 0.31 18061337 22
NA T C 0.908 -0.0067 0.004 0.095 18019539 22
NA A G 0.725 0.0024 0.0031 0.45 18299197 22
NA T C 0.388 0.0087 0.0032 0.0062 18317821 22
NA T C 0.592 -0.0075 0.003 0.013 18343843 22
NA A G 0.258 -0.01 0.0033 0.0015 18313512 22
NA T C 0.1 0.0031 0.0057 0.58 18413975 22
NA T C 0.336 -0.002 0.0031 0.5 18310110 22
NA A G 0.771 0.0068 0.0033 0.039 18020773 22
NA T G 0.192 -0.0027 0.0034 0.43 18077829 22
NA T C 0.033 0.022 0.0089 0.016 18391016 22
NA T C 0.173 -0.0035 0.0035 0.32 18440026 22
NA A G 0.808 0.0093 0.0038 0.014 18030738 22
NA T C 0.383 0.0089 0.003 0.0035 18371637 22
NA A G 0.317 -0.0082 0.0032 0.011 18038786 22
NA T C 0.192 0.0013 0.0039 0.73 18146388 22
NA A G 0.917 8e-4 0.0062 0.9 18282708 22
NA T C 0.583 0.0033 0.0029 0.26 18456874 22
NA A G 0.317 -0.0032 0.003 0.28 18307634 22
NA T G 0.525 3e-4 0.0029 0.92 18429694 22
NA A G 0.558 -0.004 0.0029 0.17 18209613 22
NA A G 0.567 -0.0037 0.0029 0.21 18131546 22
NA T C 0.708 0.0037 0.003 0.23 18093310 22
NA A G 0.425 -0.0024 0.0029 0.41 18436944 22
NA A G 0.192 0.0025 0.0039 0.52 18212531 22
NA T C 0.567 -0.0036 0.0029 0.21 18126020 22
NA A G 0.292 -0.0038 0.0031 0.21 18088795 22
NA T C 0.173 -0.0088 0.0041 0.034 18444734 22
NA A G 0.6 -0.0028 0.0032 0.37 18222557 22
NA T C 0.164 0.003 0.0044 0.49 18201204 22
NA T C 0.442 0.0079 0.0032 0.015 18319179 22
NA T C 0.292 -0.0036 0.003 0.23 18095170 22
NA A G 0.217 -0.004 0.0036 0.27 18482600 22
NA T C 0.483 0.01 0.0035 0.0036 18288362 22
NA T C 0.992 -0.004 0.011 0.71 18218210 22
